chip_id	sample	hm	input_id	CEMT_JSD	CEMT_JSD_synthetic	AUC_bs_100	X-intercept_bs_100	Elbow_Point_bs_100	JS_Distance_bs_100	Synthetic_JS_Distance_bs_100	%_genome_enriched_bs_100	CHANCE_bs_100	AUC_bs_200	X-intercept_bs_200	Elbow_Point_bs_200	JS_Distance_bs_200	Synthetic_JS_Distance_bs_200	%_genome_enriched_bs_200	CHANCE_bs_200
A26693	CEMT_8	H3K4me3	A26698	0.443098919999	0.492759113159	0.06835629144598798	0.5083176096076569	0.9014888300987092	0.49374010174088007	0.5935429952275685	2.2406091457627255	0.5422942365205895	0.0814158163060211	0.4501904485977078	0.9017149304749289	0.41748372176330045	0.5241455998509159	2.225452269072088	0.5296430867453115
A26700	CEMT_9	H3K4me3	A26705	0.398703856415	0.468224977836	0.06177354003424539	0.6143480878161053	0.8737433193235276	0.4585490165137673	0.5778460900897068	2.4207950101323075	0.5127246154828943	0.07601968958426168	0.558778399132734	0.865145469022399	0.4098466102838661	0.5293836472067	2.340282243202302	0.49540779588577294
A28471	CEMT_7	H3K4me3	A26691	0.484056404137	0.558207375583	0.015215533113089383	0.8418604961582742	0.9299937244782877	0.5473021543560251	0.6622223910040522	2.923701856231228	0.7041382574256705	0.019162005666835628	0.8159485272363961	0.9186145186322386	0.4895471428609118	0.6031353966123814	3.2179247003388993	0.6859112114879101
A34020	CEMT_4	H3K4me3	A34025	0.358621988733	0.411858137973	0.0659191407147846	0.6157348499891976	0.7941187252453424	0.41295402042797313	0.5254109513976283	1.4644314299271286	0.39686760546716543	0.07636469400519572	0.5755181633480019	0.7885133676432695	0.3541461567918973	0.4726644146826979	1.4660843108260462	0.38690071814540195
A34036	CEMT_5	H3K4me3	A34041	0.29496433823	0.359714354667	0.08311164706708307	0.5788407600650926	0.761857030984488	0.3397586207306862	0.4822139035330957	2.9685099686669516	0.322131046749258	0.09525310934323435	0.5370988114297328	0.75279087420696	0.30426457689054776	0.44936878686054155	2.7046673326436266	0.3156628157928521
A34075	CEMT_6	H3K4me3	A34080	0.248756229421	0.282958513623	0.1575029826232665	0.34710719740594353	0.7048549217918301	0.29539544335070095	0.4062616230362652	8.327353380900192	0.2698544418651951	0.17327520551952322	0.30275649205019023	0.7015003955366648	0.27406546038412793	0.38574385991929194	7.264062443980685	0.26360167905131626
A34082	CEMT_40	H3K4me3	A34087	0.170088400084	0.214268276734	0.17102318796044752	0.39840888611097974	0.6439562275542215	0.20159370474711574	0.3238683969696975	12.319530613310176	0.19672731354141387	0.18959374007456226	0.35193277759593666	0.6351881642842901	0.1980398150180172	0.318008187932821	12.367407520896897	0.18019090587452527
A34089	CEMT_41	H3K4me3	A34094	0.227547061364	0.278019287557	0.147535240414354	0.38817856842685844	0.676817201932697	0.26716033036605197	0.40265323080846227	5.198145734914011	0.25411468710967683	0.15973079698227927	0.3505778168891711	0.6788053552719363	0.233038437673124	0.376832600598967	4.975569313750441	0.2508397455350429
A34381	CEMT_42	H3K4me3	A34386	0.287035141068	0.323341426321	0.11765162846471648	0.46215242241835885	0.7291698484785322	0.3333215487686687	0.4447162197451936	4.402695848641093	0.3152986405288514	0.12981230655209483	0.4224437975543531	0.7205557322380566	0.2879483642428089	0.4081547679856602	3.5988290979829562	0.3160108117536657
A34388	CEMT_43	H3K4me3	A34393	0.29866318385	0.328406267456	0.10434718830429793	0.5483916708765725	0.7569119915754811	0.3518021057105646	0.4377418880177685	7.256568702487831	0.321586768644018	0.12108856679290483	0.4989502222201588	0.7304614302100252	0.33579979498969176	0.41995446177609314	5.018589062553601	0.314933413911434
A34707	CEMT_44	H3K4me3	A34712	0.33493040553	0.382242494471	0.08304923898209852	0.5462193175403265	0.7738117450038017	0.37991042508384354	0.49728897822009915	2.400325017951142	0.4093339808581692	0.0928090264614846	0.5083387692219599	0.7665408351949479	0.3184094268268916	0.4484048128295749	2.3373611784954957	0.40427884996313
A34714	CEMT_45	H3K4me3	A34719	0.30732179048	0.354995669303	0.10562766103625128	0.47058171307171015	0.7390755965613122	0.3448358718071056	0.46785424804776793	2.989666700229845	0.3542371839736984	0.11609936470950911	0.4323342776174739	0.7406197067792689	0.28287364299469053	0.419521758869529	2.78080846301442	0.3521531769957522
A34721	CEMT_32	H3K4me3	A34726	0.308810164223	0.365409703269	0.086397807917811	0.5435622809587514	0.7641713104596244	0.348317159025784	0.4792183747085	2.3123643427760645	0.3655967847550997	0.09616815742376503	0.5045384833832042	0.7583483771389867	0.29431614241995957	0.4375026428556744	2.3041848475539535	0.3595614479329982
A34939	CEMT_26	H3K4me3	A34944	0.206699010215	0.240769322089	0.13644500096172335	0.48652299756388073	0.6729966304954909	0.24015423660529472	0.35974008113827555	7.932268668050914	0.1934295820870728	0.1513650023474413	0.4461434981742378	0.6602554132552113	0.23008070087611002	0.3476235557003131	7.7540275227488396	0.18130305545314032
A34946	CEMT_27	H3K4me3	A34951	0.271148476977	0.298907961974	0.13264677192804694	0.47505757729372644	0.7203776499152876	0.32329060217801275	0.4014673979066903	9.625206985022924	0.2623118556156888	0.1518095034774035	0.4227618260562067	0.6976663852643183	0.3079800257882704	0.3815969018558137	9.278275197052574	0.24053015327874008
A34953	CEMT_28	H3K4me3	A34958	0.387453499728	0.435962694912	0.053627822633487	0.6710039256022019	0.8239849887153888	0.44492834130365044	0.5452995740366847	1.3439586424265075	0.4751214737111829	0.06348629018306522	0.6321818534948701	0.8062493245440883	0.38663428573579367	0.4901971043478112	1.3454501418747586	0.46236905016060614
A34960	CEMT_29	H3K4me3	A34965	0.337739517254	0.3882014816	0.07035976047339161	0.6327894905531904	0.7916628098028855	0.38679701256447013	0.49599416628174964	1.735500037996355	0.3846536206531623	0.08304991440305236	0.5889624120230765	0.7690387001739226	0.33471993007981754	0.44806430131560293	1.6119892360377621	0.37421645418856364
A35237	CEMT_25	H3K4me3	A35242	0.425845953916	0.465661628567	0.060538945331372454	0.5823350061079503	0.8474721203961822	0.46961740924259915	0.5566323126457503	1.5596077048031745	0.5036642047084143	0.07088075093280378	0.5374563033223274	0.8407543207899075	0.40388978381442914	0.48779022763316343	1.5245507428273997	0.4925092820829044
A35244	CEMT_30	H3K4me3	A35249	0.366731604034	0.384390945467	0.08318409129222747	0.5769021560489181	0.7766580701727066	0.4337304010247451	0.49595032363333447	2.4622895446057056	0.4172529681505012	0.0961424625945509	0.5333118735025513	0.7623192841082989	0.38814831465096866	0.4492794639582146	2.2803842960466194	0.40617476737052755
A35251	CEMT_35	H3K4me3	A35256	0.468279973207	0.55751905455	0.028089797480373328	0.6944308742771576	0.9231963388405142	0.5077491486340134	0.6486642828656914	1.6680719742757777	0.6064194518166816	0.03358065782609571	0.6562490408084884	0.9246763510510676	0.4314173445401498	0.5816356481684389	1.6386924507662313	0.5958390608105959
A35258	CEMT_36	H3K4me3	A35263	0.440180310625	0.480230543218	0.04658055202624103	0.6563789238329614	0.8517837475097234	0.5008346305445975	0.5905145081414606	1.9943749918792262	0.5539237545793098	0.055330783699082245	0.615658235171373	0.8529376109585451	0.4372142520021214	0.5315971070152243	1.9633359306950637	0.5409576699131744
A35265	CEMT_37	H3K4me3	A35270	0.399115352042	0.427001291149	0.08689578382805914	0.4823124791217525	0.8198055508725088	0.4512150666932541	0.5322365301965305	1.997005880778239	0.4734784091575373	0.09961832885114567	0.4345974256972704	0.8209123600629454	0.38359858960725535	0.4702589263158644	1.890102968498155	0.46490036497268855
A35272	CEMT_38	H3K4me3	A35277	0.451919503921	0.50837979359	0.05125270994831837	0.6722435970269038	0.8644699137999187	0.4880226076844665	0.5735106005498299	2.5670120868921167	0.5258021892455109	0.0625984644385608	0.6263289074463697	0.847759509182832	0.45171393284725514	0.5377179951843049	2.5389589738153293	0.5066975127772465
A35992	CEMT_31	H3K4me3	A35997	0.37717829619	0.488019355972	0.0430138953936755	0.6702732650875632	0.8542261633317583	0.41276923860661396	0.5846847997791226	1.2925080887951617	0.507107061190355	0.05190979593906379	0.6279478457684334	0.8540043913243938	0.34728774923725525	0.520547317657879	1.3490909442637116	0.4926491171855602
A37107	CEMT_47	H3K4me3	A37112	0.310648364101	0.390826492042	0.10702139492512874	0.41841263706213794	0.8019652869040766	0.3511064124934705	0.5018847575882679	2.1179074773763706	0.3625690424792957	0.1222413628959323	0.3659137154885555	0.8043859045022055	0.30164663161926103	0.45333544055051217	2.0913275716782853	0.3541362106030733
A47306	CEMT_33	H3K4me3	A47311	0.393548682454	0.454899526863	0.08181622716256716	0.49227387566335234	0.86199817366014	0.427607181541753	0.5416981946191525	1.7810344055463008	0.49240239103783323	0.09767501141961438	0.4319079827217411	0.8573246890452465	0.35988601388896535	0.4757383821956232	1.7303278221289544	0.4787181033800487
A47313	CEMT_34	H3K4me3	A47318	0.267545006987	0.316784219425	0.17258322888674593	0.3040027910636055	0.7337035858080696	0.31373212111854987	0.4146438749401579	9.311534742258166	0.2541702176491595	0.19813765845786635	0.23804401122411054	0.7529974121817039	0.2899352035077696	0.381839369722974	4.188039445851456	0.256956271311769
A50435	CEMT_50	H3K4me3	A50440	0.221255852762	0.27173158797	0.19722914973427172	0.29387473931711605	0.705355919127636	0.260032405545971	0.3603642663738715	21.916881127637673	0.2683617465854109	0.22395315822451514	0.22837206291135104	0.7064051404548504	0.25391693985919456	0.3489795161888542	20.30810590942352	0.23661613348993976
A50442	CEMT_51	H3K4me3	A50447	0.195139989946	0.255939332089	0.20203085474442456	0.30587705885706074	0.6966661005027381	0.2298478027498266	0.33825972418407724	23.839631552380222	0.25586149712580397	0.2296243212046351	0.2392637304942386	0.6865450887015057	0.2251856047351297	0.3280860656300633	22.52992580404742	0.2218908779676992
A50449	CEMT_52	H3K4me3	A50454	0.237159255947	0.262054251393	0.19780958370911514	0.31676234429353267	0.7047982416118734	0.2589549946327382	0.34293372039618036	24.556597690627648	0.28265046544574657	0.22646156165858683	0.24714354692313228	0.6914578008677303	0.24963299089956528	0.33218213597668156	23.152526521075128	0.24431531133100645
A50456	CEMT_53	H3K4me3	A50461	0.289720963594	0.307825164311	0.18140179217796365	0.2780401412387547	0.7379497308707053	0.322742152594139	0.4094614251903219	16.34263368679777	0.3184259026569726	0.2048792027307118	0.21758243657291662	0.7623909888313446	0.30472347885316814	0.3890390708518962	15.427374335538383	0.29307036176277285
A50463	CEMT_54	H3K4me3	A50468	0.210485610087	0.232151829547	0.2190583780757662	0.2407236904742445	0.6700303677444251	0.23024967716781922	0.33009573752230553	26.48088335189948	0.25336945373510783	0.24309167586725244	0.18677397355849648	0.6843699308565284	0.22474449739259408	0.3212356960465883	23.12076236048853	0.22535613217531425
A50470	CEMT_55	H3K4me3	A50475	0.116864961063	0.161378516058	0.25560942646331414	0.22954231592958413	0.6128547359530603	0.12401545442316082	0.23766065611279225	33.98442352565357	0.2172684009327375	0.2812657788111558	0.17657010774537396	0.6037230742961524	0.1157738789599933	0.2290784487540015	33.329038787870346	0.18181866987057033
A50477	CEMT_56	H3K4me3	A50482	0.266606873561	0.291221186797	0.19530814704411725	0.2252049602701923	0.749523933238228	0.30328384110847356	0.40156976417641677	18.434335447297702	0.29428578340582867	0.2148710527548163	0.1774844074468708	0.7502565765224809	0.28255587923840947	0.3788023706571112	16.38977165656739	0.27527858599306476
A50484	CEMT_57	H3K4me3	A50489	0.207204946133	0.230699680072	0.22774983426190384	0.16375613297763458	0.6847885905054637	0.23684915449926272	0.3526438599479094	21.87341987474712	0.23608591438775392	0.24330865156181009	0.13335975832929026	0.6961367274944539	0.22975968937971433	0.3407766784315087	20.869130884591247	0.21982991298506105
A50613	CEMT_58	H3K4me3	A50618	0.305573396949	0.325609070166	0.1828340631721094	0.17867904422514566	0.7868783319958036	0.3480216351480605	0.44618842962661465	12.977601043947033	0.33406259361542046	0.19741829552404203	0.1426475189263069	0.8024365935510629	0.3076457688314395	0.40743579265107444	11.075026611995684	0.3265674338325781
A50620	CEMT_59	H3K4me3	A50625	0.310679828179	0.332863756613	0.1737874309856509	0.23386193888193604	0.7847874846293701	0.3498602229128502	0.44501131837253294	13.862334160096617	0.33631541283379285	0.19271620539867937	0.18318622258229342	0.7960124436066857	0.3124707286701718	0.4081332109718881	11.110853180452674	0.32477629236990035
A50872	CEMT_60	H3K4me3	A50877	0.284343004656	0.317129713695	0.1906214009876704	0.1646397054075052	0.7776385276655862	0.3243971655029638	0.4337202301739633	10.153880240325252	0.3087999063995976	0.20526618036430752	0.13181933195443604	0.7891862442484687	0.28084609360647217	0.39255346045405404	8.270108080683805	0.30565274736843
A50879	CEMT_61	H3K4me3	A50884	0.258005547187	0.293113765108	0.206216895232237	0.15750032410552275	0.7485266780355888	0.30025741994740773	0.41050309703964477	14.480738137149464	0.2771640137014036	0.22156022776385528	0.1258344379213781	0.7659349560782778	0.2668863199981433	0.37690579655533496	12.255472063401418	0.2693251519745688
A50886	CEMT_63	H3K4me3	A50891	0.326107032767	0.341492746557	0.16987510335418665	0.27117819619873307	0.7964003120569544	0.36383464316437963	0.44376888210915044	13.242015050683461	0.34276176750087867	0.19267489610267743	0.2104542648963338	0.7975788564953775	0.3285549070964267	0.40822939991499435	11.086317526568791	0.3235078050300363
A50893	CEMT_64	H3K4me3	A50898	0.35104270118	0.373562891231	0.15557121470502192	0.24565318958362733	0.8111947740229254	0.38432353546224673	0.47159777623862326	8.71064423150365	0.3776242510016265	0.17328948313579115	0.19485681108462163	0.8277848579743519	0.3251333715731576	0.4170642577941086	6.598852827603532	0.3718544408424471
A51315	CEMT_65	H3K4me3	A51320	0.269950740774	0.290485922547	0.18258335967303332	0.29345089537757657	0.7227823661963275	0.3012712165151873	0.3927756491776718	16.03999118781184	0.29826831667441533	0.2063322122478204	0.2320508634099826	0.7408753805444452	0.29031456552247253	0.3795419898611027	15.05093743608156	0.2721373068024137
A51322	CEMT_66	H3K4me3	A51327	0.325195904924	0.365684494269	0.1599259887569581	0.23081336412891962	0.8025406004030226	0.3578388109265147	0.4652369770809327	8.886623616167753	0.35920594224328245	0.1757546526057136	0.18571974647479722	0.8208522622195294	0.30070903095663615	0.4132252534092979	6.664289835649163	0.3566290936328022
A51329	CEMT_67	H3K4me3	A51334	0.31222842262	0.344784649787	0.16977104426145648	0.19297850573441894	0.7916450770958455	0.34605014229269004	0.45523378013254984	9.307762511851493	0.34133482797977227	0.18329935369354905	0.1563358344869282	0.8032882161025594	0.2940077350432754	0.40838502967071966	7.633844732449818	0.33829786957512137
A52086	CEMT_62	H3K4me3	A52091	0.307335240033	0.367189258345	0.15303276694248535	0.256062611028912	0.7965740281033744	0.3286429758932612	0.45932113078252773	3.6636933430740704	0.3554672105347062	0.17277322568204392	0.20035718237580447	0.8081118418286665	0.27284937194873204	0.40722268542100204	2.6854321537906394	0.35668956870712665
A55591	CEMT_68	H3K4me3	A55596	0.135191438958	0.216908222676	0.18404574685754221	0.37387679953453323	0.6605904522798048	0.16379606046082798	0.30399704708773617	18.201830300257058	0.17451006374495678	0.21292193561051484	0.30482132293202163	0.63661366233736	0.15826888413650733	0.2922456364773286	19.086866439144984	0.13955259595216138
A55598	CEMT_72	H3K4me3	A55603	0.11512497126	0.190002717857	0.2205767285927639	0.2967482114651202	0.6407671661379938	0.13468455606667087	0.2701636433970941	28.502845325485616	0.1717152668376862	0.25136587098634045	0.2272887044831887	0.6237178065503834	0.12664088681643748	0.2589938230277251	23.452229807602706	0.13466743197288725
