chip_id	sample	hm	input_id	CEMT_JSD	CEMT_JSD_synthetic	AUC_bs_100	X-intercept_bs_100	Elbow_Point_bs_100	JS_Distance_bs_100	Synthetic_JS_Distance_bs_100	%_genome_enriched_bs_100	CHANCE_bs_100	AUC_bs_200	X-intercept_bs_200	Elbow_Point_bs_200	JS_Distance_bs_200	Synthetic_JS_Distance_bs_200	%_genome_enriched_bs_200	CHANCE_bs_200
A26690	CEMT_7	H3K27ac	A26691	0.090425049409	0.188191145877	0.1664303364613647	0.5267018904979355	0.5267018582562456	0.09962632071250409	0.22194571270178037	47.32981739854443	0.48568764647869206	0.1969598214217718	0.45557778802348486	0.4555777235400136	0.09672673344307431	0.21569843106298328	54.442234094345764	0.4383135795833228
A26697	CEMT_8	H3K27ac	A26698	0.220620067497	0.266679036907	0.19373939176594182	0.1943330297672519	0.7387841704485609	0.25125087863689116	0.40280653452646886	16.12517854631461	0.27878836457413453	0.20733447279325096	0.15749324261975814	0.7550329158912265	0.2394408333475953	0.3917632886257214	14.534875510539527	0.2703456853953379
A26704	CEMT_9	H3K27ac	A26705	0.223332713164	0.299403839501	0.1438963633120251	0.37176581378203766	0.7418732127232599	0.25372880478494164	0.42442814627053643	10.295623238274784	0.3094573319721134	0.16060832989226717	0.3195808009345455	0.7647359316331158	0.24128308880078514	0.4129690791657861	9.984344067095272	0.29709523923225106
A34024	CEMT_4	H3K27ac	A34025	0.281489422962	0.350416470794	0.07059695069711425	0.6438281329268223	0.7730289265912034	0.31574242416509535	0.4583833826407551	1.3933684124968126	0.3131729215575993	0.08074451483771836	0.6070038877888146	0.758448712165119	0.2726425089845084	0.42369041196605917	1.3954886896116623	0.30547491984831177
A34040	CEMT_5	H3K27ac	A34041	0.171866389667	0.231810119953	0.1122275165913545	0.5697763805694281	0.7146126178914696	0.1862839619657262	0.3527754522954819	6.592611013113724	0.1612872583694879	0.12651573185995602	0.5286296582599327	0.6892184468911746	0.1842363213183377	0.34672332879090556	5.895217991385632	0.15129058428359993
A34079	CEMT_6	H3K27ac	A34080	0.145654349022	0.191357497431	0.1724354229426887	0.4351209417369986	0.678203533625549	0.18964500820194108	0.28494417381231985	21.581249345300396	0.21569583092340314	0.19463532240945688	0.3807017184114257	0.6444230490963271	0.18522036364956002	0.27972194685468926	16.30591195124285	0.18747856806572866
A34086	CEMT_40	H3K27ac	A34087	0.0864277710938	0.191936554049	0.1903855563551725	0.3234578598176633	0.6076926804511703	0.1059436463628151	0.32152406661828165	10.321692907365337	0.12669862546998287	0.20045941941773762	0.2901543869749144	0.6057628544257418	0.10768987563895929	0.3227357736278671	10.420862876066124	0.1253969228805123
A34093	CEMT_41	H3K27ac	A34094	0.180629444718	0.252366952505	0.14027641222243312	0.4044361042687043	0.6951501336417406	0.21184338365868238	0.39339073763906235	9.025722194317389	0.25161519716895386	0.15104719764144683	0.3663316921205537	0.7011020861173723	0.21166043929377917	0.3929528696364907	8.812645875908013	0.2477354189684561
A34385	CEMT_42	H3K27ac	A34386	0.153625403809	0.235337926673	0.13593902484198267	0.43868708584658184	0.69136426517129	0.17941986649843614	0.37899928746341977	8.926383569479793	0.21411879543837078	0.14555701839581978	0.40305237720501697	0.6926250015798253	0.17881299089630748	0.3809421241729236	8.868990828243717	0.20963708361117786
A34392	CEMT_43	H3K27ac	A34393	0.170397387025	0.241663175371	0.1382496803771869	0.4284436102979053	0.6939371197563539	0.1957722860045724	0.3821941225682443	8.148075712726664	0.21955207047219163	0.14982944596353387	0.3897013704629675	0.6920125452313651	0.1938994038889128	0.3805026691306984	7.729749799523396	0.21562998728115718
A34711	CEMT_44	H3K27ac	A34712	0.092994850471	0.223536303374	0.1311460428571006	0.48076489741645095	0.6941796709473744	0.10996893539899896	0.3603882992543308	10.130070050963477	0.15907914164540193	0.14024915660698253	0.4450539345903326	0.6869905708289195	0.11262520289996746	0.3650072498647371	10.213583350679171	0.1571636815810348
A34718	CEMT_45	H3K27ac	A34719	0.0999005115362	0.220332282961	0.1293513329946877	0.48243899392616096	0.6993284107983416	0.10861089755996126	0.3611940499808289	11.344718569526382	0.18092113770478985	0.139207358421787	0.4450952034956826	0.6959205816026831	0.10882896800352734	0.36525298332030504	11.17098326520095	0.1769092762929215
A34725	CEMT_32	H3K27ac	A34726	0.164319417304	0.240024477202	0.11428659077434646	0.5394344936552857	0.7151198700366677	0.18960175597702336	0.3715638503865187	5.879011416413516	0.187381157735747	0.12501178340934935	0.5024008830514022	0.7007560721390783	0.1840584049769564	0.3679965891881323	5.516891749855752	0.18271070196528033
A34943	CEMT_26	H3K27ac	A34944	0.0866550172379	0.1949822354	0.12896182369422296	0.5321724020205871	0.6896214947234073	0.08810704128577539	0.3247818519917003	5.513572565606422	0.0839878354406594	0.1390352631719654	0.49783364039978223	0.6772682615551	0.08684682109303565	0.3280666632818931	5.389738383512453	0.08198808921462955
A34950	CEMT_27	H3K27ac	A34951	0.120430130913	0.166778188644	0.1666755744055539	0.4259545508139264	0.6381386744762798	0.11658444447038652	0.30238763732572116	10.84758696385523	0.08531325348403582	0.1781156894034582	0.39121600377197796	0.6262573152358866	0.11646923784367819	0.30408491814663846	9.989048264242738	0.07956982455816863
A34957	CEMT_28	H3K27ac	A34958	0.172386047374	0.229516409888	0.10825508533318479	0.568821393692115	0.7214518650664801	0.19192880072611068	0.36287660506943575	7.54238447455716	0.21790255962935304	0.1202256433202097	0.5313744273616969	0.7038845775779331	0.19195170516259782	0.36287305494920674	7.3337424113576155	0.20613717268277357
A34964	CEMT_29	H3K27ac	A34965	0.300285177399	0.388293583099	0.08207474816781857	0.5024684089405987	0.8146199269908986	0.348207554371925	0.5226431687542019	5.177134751130968	0.4036739574246157	0.09150583330821277	0.4600650475327514	0.8205090854784781	0.31882201301060153	0.5007957535218516	5.153473900383569	0.39725769875318856
A35241	CEMT_25	H3K27ac	A35242	0.150899722367	0.242938105371	0.1201552258887249	0.5107951400646883	0.7086026810627876	0.17449599396791038	0.3747990388695217	5.984334023844945	0.13299184283998575	0.1303617241268907	0.47216276920545236	0.6960694720752663	0.17764042831047067	0.37648092742597905	5.8812703910306166	0.12852446346647312
A35248	CEMT_30	H3K27ac	A35249	0.140143101708	0.191618726221	0.1271761237330537	0.5301807933310062	0.6883259431470712	0.17231466908152518	0.32697603776537254	8.42470916667787	0.1697258836654296	0.1393458565131477	0.4920453540111184	0.6789517749627225	0.17552444928521616	0.3289520834767106	8.246423597972768	0.15887612921013197
A35255	CEMT_35	H3K27ac	A35256	0.12170839364	0.221944035424	0.10616682239695571	0.5765409891684434	0.7297795956704209	0.12180563715109842	0.35753083813186737	8.210153083880572	0.1295781409351523	0.115088751939429	0.5437158290239569	0.7177436432344402	0.12013656801646516	0.36126873942478094	8.347596898744936	0.12266434556000927
A35262	CEMT_36	H3K27ac	A35263	0.102121884515	0.205338499901	0.12242240332163801	0.5305512457017127	0.7061127188228139	0.10859274398518244	0.34265900874303745	9.908291920208105	0.16077772619698208	0.13316323982998882	0.49395010744101575	0.692829605074631	0.1094544615853006	0.3450447729517283	10.036436574464194	0.15198420047478198
A35269	CEMT_37	H3K27ac	A35270	0.181408319675	0.260108022211	0.10314883602133895	0.5506814792159939	0.7423557604682699	0.21361805727529765	0.39480418554951796	7.362252412317164	0.24147687838319476	0.11523211011457198	0.5059532330447347	0.7389270368332718	0.21251302455767437	0.3963361398167953	7.376894210514234	0.2304693330477062
A35276	CEMT_38	H3K27ac	A35277	0.115754457081	0.197857698489	0.11854486174242854	0.5496132287026239	0.701390079801373	0.12953496015680532	0.33697737513303017	9.308562095732565	0.17999672870715486	0.12960629374011873	0.5142291316687004	0.6937984571103873	0.12940943242750538	0.33908269808562386	9.47816500907529	0.17127513692639634
A35996	CEMT_31	H3K27ac	A35997	0.153766312948	0.240116279579	0.10658988568797159	0.5540270773449768	0.7411884428759794	0.15950157381791402	0.3782567858321803	2.898614974382043	0.09264323610276884	0.11780244122866398	0.5144355922968045	0.7251965939830473	0.16032413617134117	0.37884450290312616	2.655919421454296	0.08987205186981206
A37110	CEMT_47	H3K27ac	A37112	0.132117486648	0.262471637614	0.17039746125341218	0.23260981631720498	0.7161083233683581	0.1229320171415057	0.41263563191791225	10.867286389312298	0.16272491759936045	0.18027269174870272	0.19886640765269947	0.7196128667161378	0.11793091831866165	0.4113220253043618	10.921706180353887	0.1619725642778117
A47310	CEMT_33	H3K27ac	A47311	0.172606157943	0.28079452921	0.12103440215697421	0.46589650618276623	0.7500880912523815	0.19278982309505172	0.41034129768147365	10.82575638942482	0.29836574302376045	0.13865093281752974	0.4085049023590596	0.7510550008756746	0.1942494761200855	0.4059785223460634	10.295579506996498	0.2800496625170836
A47317	CEMT_34	H3K27ac	A47318	0.201129791214	0.322064432773	0.12484694216353527	0.37039417518618456	0.7845989375916076	0.22330174739103684	0.4606774331562839	9.455050376525017	0.3136167087893943	0.14035990682445745	0.3131450362147541	0.7904385620778481	0.22163799700896902	0.45406269514348985	9.13696788582751	0.3034336457814241
A50439	CEMT_50	H3K27ac	A50440	0.108052238236	0.17867489387	0.222650543296833	0.20667595796032986	0.6781677780398995	0.12123354432357125	0.3175354583329546	24.080368110363725	0.1904722598040074	0.23989642065327713	0.16577770865236133	0.6780865465689935	0.12321393793980417	0.31369880929005434	20.49484770613238	0.17467475231815968
A50446	CEMT_51	H3K27ac	A50447	0.127930211148	0.20889635134	0.18512670934429062	0.329954211653485	0.6945871568743521	0.1384928739124637	0.3282097115518508	18.52240758179908	0.24299195706471663	0.2070051234183774	0.27117717254753626	0.6986161979600788	0.1394636853602716	0.324657187348939	18.44315145087128	0.21988513670527313
A50453	CEMT_52	H3K27ac	A50454	0.189724605854	0.198485798878	0.20014032563840423	0.25185226788882376	0.7044132915386699	0.19149606228178734	0.3381068907704062	24.266416540080492	0.27795848736096124	0.21790283481197212	0.2042525663923047	0.7020153458965548	0.19352271567545354	0.3355090498063098	23.12655796006399	0.25549128255051473
A50460	CEMT_53	H3K27ac	A50461	0.179844988022	0.188529743589	0.2070975226719918	0.23794749010136113	0.6904561571231334	0.18022470478658695	0.33023080192976995	25.400771269584123	0.2659869864614174	0.2245470961725261	0.19310036778332587	0.6896907824094386	0.18248812080227989	0.3272046196399692	24.115001221301668	0.24399650113071486
A50467	CEMT_54	H3K27ac	A50468	0.129254295443	0.149297865084	0.23622301661762451	0.24119673461549831	0.6281061214175216	0.12418176405671333	0.26340218676189814	32.09127972207238	0.22606975383370514	0.258632299333082	0.19157915724252522	0.635276183121482	0.12121756166075973	0.25760254077464784	29.0332423611901	0.1953639938116679
A50474	CEMT_55	H3K27ac	A50475	0.147357077881	0.160722090237	0.23328718400532272	0.1907988981089293	0.6621274160773041	0.14951165418136678	0.30148306916759415	27.719780541307326	0.22869214233661	0.2503887044748825	0.1536494221966355	0.6635324222706616	0.15089248068141747	0.29655626318977224	26.565755165512815	0.20768688853506287
A50481	CEMT_56	H3K27ac	A50482	0.148481531775	0.177349303345	0.23352695304668944	0.14084699082248583	0.6738471556076961	0.16116900395688188	0.3322998879308095	24.61058249911425	0.21860591970180027	0.2445299127102609	0.1194723847830197	0.6800363088987883	0.16581620204079212	0.32858574529077395	23.71031446647946	0.20814595496100963
A50488	CEMT_57	H3K27ac	A50489	0.135269303158	0.147485628401	0.23844446035138692	0.17860911287683737	0.6463982792439019	0.13461061846361927	0.2960839087054425	30.00304067563806	0.21619444286099482	0.2535674335147171	0.14573288546253801	0.6515124666914796	0.13579568112887258	0.2920767752424845	28.117104903751883	0.19731865875214794
A50617	CEMT_58	H3K27ac	A50618	0.155950187585	0.166080240912	0.2158543389343457	0.27897742765031347	0.6502598824940556	0.15108182736902406	0.28586580369515235	29.57010469357995	0.24989193687113817	0.2376541936874448	0.22596892296668747	0.6555743587005557	0.14857611267444096	0.282223965915179	26.365059320182482	0.21925711000787027
A50624	CEMT_59	H3K27ac	A50625	0.130653250146	0.155546710667	0.23532466808567298	0.16725940658043992	0.656142369521049	0.1339574697694054	0.3109425548352482	27.66271024179578	0.21678215523111571	0.24844761835719562	0.13915152678184303	0.6558461531318843	0.13829277292963596	0.30743838548316765	26.68528023263282	0.2019474536316323
A50876	CEMT_60	H3K27ac	A50877	0.107445715657	0.1554383241	0.22527265592227794	0.2777006727434397	0.6397050206097582	0.11445191994503566	0.2629508816173629	30.1911879214601	0.21594322564428214	0.2493093126158527	0.221834294511932	0.6354030850054333	0.11009172402259586	0.2576061336293379	29.863650116030108	0.18227659404212232
A50883	CEMT_61	H3K27ac	A50884	0.0693372103487	0.129615125748	0.2578571197192625	0.13941409136980423	0.626223713962021	0.07317839516682356	0.28163412428735335	29.25300520216366	0.1530717191015367	0.27112934368756064	0.11714920334247182	0.6258746106214298	0.07587124210969527	0.2754538170479216	27.57169762995256	0.1395087609240979
A50890	CEMT_63	H3K27ac	A50891	0.279781994633	0.282199946956	0.13713944405969686	0.38682452773851594	0.7717783838494631	0.2891296930803416	0.41615932757650237	18.284281280325953	0.39183456603628153	0.15379251334116498	0.3311935405909346	0.7674112222018457	0.2915683210812525	0.41376964389836696	17.850439423566247	0.3671992166280556
A50897	CEMT_64	H3K27ac	A50898	0.156527211416	0.172728002518	0.21195028743151295	0.2619210782981876	0.6653026023585854	0.1562755214642635	0.3046901545153706	25.245406962886058	0.24392978727538084	0.23153206413073196	0.21343336400128862	0.6749220598032866	0.15490033969474812	0.30130845224086744	24.95964030022097	0.2179988748810989
A51319	CEMT_65	H3K27ac	A51320	0.141237978926	0.164637157301	0.23269680965413217	0.1725127049203716	0.656187023701504	0.14867360618573533	0.3145090247532855	25.815039547322034	0.20942408268116985	0.24652978234598374	0.14176017297861676	0.663361156313459	0.14978635049599148	0.3111279421354974	24.949348866949308	0.1934651698153603
A51326	CEMT_66	H3K27ac	A51327	0.224951879322	0.275475802754	0.15900001776972897	0.27145817952225054	0.7541718047185315	0.24325028643908375	0.42196950277734835	18.077630760739904	0.3385534258184521	0.17251167874855913	0.22486962250042622	0.7602621581419294	0.25036311954820906	0.42031810037610207	17.26104207597038	0.3255607307779825
A51333	CEMT_67	H3K27ac	A51334	0.17944597277	0.216977050532	0.19729465385885622	0.19719734242821307	0.6990853437467527	0.18926522815681682	0.371152441501675	22.50545546732083	0.26282267008125476	0.20912491534462627	0.1626602942318193	0.7040009687875531	0.19586133439052497	0.370024461211301	21.80168562843902	0.2510862470200302
A52090	CEMT_62	H3K27ac	A52091	0.205438634455	0.279832576378	0.14081729793513262	0.36815843548259225	0.7547783277818676	0.2118147877149442	0.41377907915720513	15.657177508234183	0.3240058087870322	0.15916257154522298	0.30882063527805315	0.7523433645145706	0.21828699331368331	0.40808673497620074	15.490554450322684	0.30550446798942105
A55595	CEMT_68	H3K27ac	A55596	0.0727180142735	0.174411351179	0.20587493849650987	0.3208967541504015	0.64616034441063	0.10202514685567243	0.27553716305929316	21.28591925865246	0.14738095370942267	0.23337568272454023	0.2561558362480561	0.6348194276581391	0.09819287681216134	0.26649965146968274	21.750571158979962	0.11534097476530494
A55602	CEMT_72	H3K27ac	A55603	0.107934589955	0.179120282625	0.19685788775864693	0.34086941141244137	0.6511846270455444	0.1117337463567602	0.2837174692608779	23.045638861556338	0.19843707202366814	0.2233193596696964	0.2772125227398117	0.6388106714167177	0.10753492277407867	0.275475233555414	24.38521582734741	0.16710104199214118
